29628290
29625050
29625053
29625052
29622466
29625048
29625051
29625055
31433971
30078747
29617669
29622463
29622464
29617664
29617662
29622465
26766592
31733513
29617659
30380420
30996345
29617660
29617658
29625054
27855702
30096302
30268436
29625049
33086069
29596782
29617665
29617667
29617666
29617661
29596783
31199768
29617668
33123346
31199769
31348656
32568733
32543457
31647099
33137091
33373583
29396322
29549707
26420780
27923837
30553813
25213708
26685306
19668183
24360018
20829833
26528563
33196823
26635141
26528562
23547033
28249590
26020938
25758781
17234637
22570691
29925010
20084519
21586134
20921115
22581176
21636591
17160905
22199389